epoch,train,test,new
20,2.618707314581866,2.5963088651803847,4.866953792998216
20,2.7806830728524417,2.816955449721036,5.448161508420592
20,2.803506865825005,2.853193828249124,5.431353767131446
20,2.7822754338766735,2.7499985116524948,4.541776503500955
20,2.6731366152573877,2.702600299340193,5.192507050215269
20,3.07161585014397,3.1376380951975307,6.041075854446257
20,2.540464042677147,2.5611701359942227,5.09513621708383
20,2.693338874900204,2.690624819873609,5.010991051489826
20,3.024637879014246,2.980013216903211,4.206752183428266
20,2.889970647352689,2.8860675791367325,5.3416480888980695
21,2.9528220301232073,2.9215862942061124,5.232461855023059
21,2.492463675750162,2.525653294869704,4.990195584078921
21,2.8914694066273037,2.8463604529189195,4.2926573170189215
21,2.7961323194308365,2.826923103541169,5.422677163870572
21,2.692758507290175,2.6984543633550797,4.95210843137688
21,2.9018834231400836,2.9005713322044753,5.606476445068647
21,2.7162018223048827,2.735061825856406,5.3009557062471195
21,2.607975055367178,2.6059021145753207,4.698747217003573
21,2.6909373736352227,2.6803432342733227,4.685864451961446
21,2.8320125038730017,2.8106395699981097,4.648460168011675
22,2.930393912219683,2.864307712907193,4.397044847799651
22,2.766918420443357,2.7446527937972496,4.4958279194904565
22,2.7400319159048725,2.7549683194897376,4.934286882328954
22,2.9636371767803644,2.918210537087305,4.43765734546698
22,2.6971545840099034,2.6936338804851894,5.226575045761337
22,2.6066319671389757,2.62170033874736,5.1410755461558395
22,2.94162718130793,2.9800427061118437,5.714170532350856
22,2.790147134954298,2.744216539642264,4.309769094254151
22,2.579027999149801,2.5940365209848273,5.037445001864345
22,2.7488462549497825,2.779270562564709,5.511197157749567
23,2.515022504550912,2.5414213700979564,4.729109226015035
23,2.5272671763629755,2.563314327502025,5.159976921119053
23,2.782516159484674,2.765167378806783,4.74139995688843
23,2.550125665174596,2.5326468522414873,4.700335886693949
23,2.667212785216411,2.7076499314440534,5.314961110329381
23,2.793692622780756,2.7959770358939826,5.270576098151708
23,2.6144055686162613,2.6303148087533987,5.004140816720101
23,2.6834848091394443,2.6870696873858972,5.131442701147636
23,2.522943931478339,2.511686525189339,4.623597820615886
23,2.7353012339467098,2.762366162378315,5.330854141964335
24,2.754905644790493,2.733223388863747,4.450395319895388
24,2.649939758655742,2.6307506183106124,4.480725713387475
24,2.756656451876378,2.7559391010884955,4.864377616576706
24,2.6183156382409365,2.6532482133512754,5.490003721743142
24,2.686156456768717,2.680677082454228,5.009264645729671
24,2.546804473268219,2.5572748473438454,4.921671951485411
24,2.580693456396206,2.579392556050458,4.808344282069351
24,2.5209696110305204,2.542063427676557,5.020861659735914
24,2.7115391498388357,2.740327294381846,5.420901239459274
24,2.7442228880813184,2.743426869247562,5.148283899980167
25,2.7260950868167084,2.7176946967294047,4.615728634684969
25,2.4943697759726553,2.4801840638172488,4.488854982753224
25,2.9489446986483476,2.9796695775528987,5.498823186938975
25,2.5708524468740563,2.5751113615503143,4.823014181460557
25,2.7251136572477863,2.7017027950372547,4.941735461361841
25,2.6003166311597874,2.6130193264208454,4.920213843328471
25,2.591467108676975,2.573807654116636,4.575663787681813
25,2.762571242229485,2.743764204500425,4.368045844085218
25,2.973090204689686,3.0425609568499388,5.84088910590615
25,2.56192809665828,2.553696358607166,4.504223400635274
26,2.5720171305737125,2.6135535060243553,5.380578203749639
26,2.618773817509611,2.6418734140806492,5.227845033241281
26,2.3838254448475342,2.376848546958711,4.6583394573910475
26,3.230599969655069,3.303519285053536,6.274564338420882
26,2.5142171651871394,2.5264622013846187,5.034723228197848
26,2.6641861675026983,2.657805755130293,4.710899962366989
26,2.7940644949328437,2.7784077131533937,4.702119242094064
26,2.426997799630187,2.4060259854872483,4.87157552939366
26,2.754536097925713,2.7732537786221987,5.13411973264929
26,2.772726477358181,2.7364166684087827,4.468479687032639
27,2.488357221738868,2.495049528383279,4.983364894726239
27,2.5735827659341473,2.559029602701102,4.527874870312407
27,2.442278151290314,2.4602216376654207,4.726883410116859
27,2.3891153208935045,2.4190044392459606,4.8886863474398154
27,2.6153932862135636,2.667684616720081,5.274598455739915
27,2.7295475593911167,2.748469898632011,5.536054144049071
27,2.5466398868531472,2.5539256199060394,4.574320602447533
27,2.6393003395505557,2.616117292381393,4.602464270785387
27,2.435034218989465,2.471845491884718,4.877798027533574
27,2.561989869323148,2.583080357152914,4.660049331566185
28,2.711989617862469,2.713380018224491,4.98225886215808
28,2.525893238165634,2.543655112356113,5.07853787162967
28,2.698174915304303,2.6701187598539797,4.5652598467443575
28,2.7598460843703974,2.7705122192830243,4.956451169313998
28,2.635339996407532,2.6577900191488277,5.069573383645173
28,2.972342651413585,2.94133575455815,4.340448991643948
28,2.425684865349587,2.4256998399885377,4.53318405881597
28,2.545550913403503,2.537821215979786,4.674253052455037
28,2.6534125536624877,2.627342118248614,4.385830759755725
28,2.622660848915703,2.6115418590999697,4.593460119624414
29,2.2964390940263217,2.3111891059606533,4.793693943679816
29,2.8755091283385186,2.817879740123127,4.314041836219642
29,2.5271360474569797,2.5478748843076806,5.134584463443465
29,2.4801625630361808,2.489452156331665,4.873059246924883
29,2.367182052176184,2.3993396073658246,4.772717509450941
29,2.5113911986839232,2.503441471828585,4.384257763198409
29,2.512633842843075,2.568986197772609,5.24993344377534
29,2.708039539296419,2.692902652785859,4.356336556722143
29,2.5118660873372116,2.5599570574348385,5.223512951253498
29,2.7239320113005503,2.7533692301197004,5.7596918318887615
30,2.3916242652056625,2.4165285912276677,4.863444972402238
30,2.6358619120195446,2.611154467728782,4.572326841622885
30,2.487148819755932,2.5304029241513706,5.210167624770378
30,2.4667650914510713,2.450906430710613,4.685582907834548
30,2.550244928527129,2.532127676545772,4.528418170425275
30,2.763284130767812,2.83326695511865,5.642354484276223
30,2.6091029284237814,2.5818653265092673,4.550022288706916
30,2.8687000403652507,2.912919536339054,5.424684655280263
30,2.420332966617597,2.41805621657258,4.745383933433669
30,2.7583748654844706,2.822477328737654,5.7427755631065525
31,2.4644114132036847,2.4961139970939836,4.7956190473788505
31,2.7459561491814237,2.7377908132081448,4.528668871859513
31,2.4961980507437893,2.5060593359354773,4.906293737948954
31,2.391634419729199,2.4202382272376926,4.787460047359647
31,2.392046734810638,2.4623921411719127,4.93254946027878
31,2.396666158606994,2.3958221380705917,4.661477181066897
31,2.304308551907635,2.330309778170427,4.696610302110099
31,2.482313604668438,2.488027374696278,4.894474775296618
31,2.575497851352767,2.6297619056530213,5.331312050110146
31,2.5306003129800874,2.553138797419039,4.943959197704177
32,2.3269030821679992,2.368705989392686,4.56630209755985
32,2.3638026610560416,2.3788043319878884,4.8278851343978
32,2.428463387796227,2.474373739191467,4.976232905533621
32,2.2257970449720164,2.2733387699239436,4.872090407419194
32,2.4038488976652195,2.394708822952242,4.929171712211939
32,2.515367236427232,2.550253801304229,5.211309341419329
32,2.7216555415621455,2.789124555192037,5.812194904484925
32,3.182574632583018,3.2047061092313633,5.880223782341756
32,2.738615557169848,2.823149978252056,5.725520120828747
32,2.6978929479477562,2.7458997721006964,5.169598277059912
33,3.022889161734559,2.9839093086831103,4.598495013610351
33,2.2754556900549954,2.317129603294423,4.819276429801903
33,2.6032968689396907,2.5767281347982673,4.690582196280839
33,2.297175486308939,2.349922095191705,5.046712302050575
33,2.5745195437915482,2.5711622013488262,4.614803297757158
33,2.6689753704635426,2.681217157971356,5.4478036654331214
33,2.413161492554185,2.410420272466107,4.905314306240175
33,2.6603613677542555,2.6879213790589755,5.446333143117721
33,2.7898302421548222,2.7608263325065536,4.371050217780997
33,2.8472857930502355,2.8330685910622986,4.316183622668405
34,2.4561491552330854,2.501547217736233,5.269825564728686
34,2.5985380661574236,2.6804459596299726,5.411991567712424
34,2.7287440956310656,2.70723946553061,4.550293428626092
34,2.682209737224438,2.6552784207719853,4.323783616392172
34,2.9145829345326,2.875912897307673,4.4078075641752115
34,2.3523682252650744,2.369127568102962,4.689361550320736
34,2.4100683672502408,2.4034687363894895,4.6817570902899766
34,2.267550751267608,2.3126866192741393,4.889751946945392
34,2.3574403988628543,2.4055640575235717,5.206187296540384
34,2.6238527077583553,2.5940585126420865,4.511362821237111
35,2.438600564202336,2.4778171430194407,5.113442549751355
35,2.358056007666367,2.358145225784549,4.731213626872545
35,2.465295903496821,2.4898207603195908,5.100267552700594
35,2.3960108076882882,2.4004269201751396,5.058798360397851
35,2.4794936255385256,2.5201351493318525,5.186163581518491
35,2.3908086496081733,2.4040564082032505,4.80108251828091
35,2.348740023279801,2.365081729681121,4.508268902843915
35,2.7393981967990206,2.827912355798476,5.772979628224609
35,2.5044621632078132,2.5136674657097346,4.481404212540598
35,2.4527937792891543,2.4695604574307577,4.809547225113721
36,2.6017362968850284,2.6459221517309386,5.447012032869783
36,2.3045557364228104,2.3092708274248412,4.805106339152965
36,2.3770711957339996,2.393741609266259,4.577664723971615
36,2.4825322132969556,2.4718472118701458,4.835467434777811
36,2.794679754364909,2.908624259685559,6.384346106600497
36,2.481188008597554,2.4866270478193475,4.3484378629805285
36,2.458648972729693,2.4611950503621176,4.887332865468786
36,2.6053215971049113,2.724664561256123,5.806545383694593
36,3.1092952180420377,3.193209323711203,6.1213203677395045
36,2.596916138589012,2.581734017577037,4.721555295023362
37,2.419156807674561,2.4195529993390448,4.593933654331526
37,2.295310012271698,2.315031214724421,4.7464440455334564
37,2.2678745240150056,2.2776537049198806,4.718998011342011
37,2.5957664772179836,2.6547434649788926,5.4071159065669345
37,2.432783789771656,2.511757466354508,5.1891065807264045
37,2.324247045880793,2.3435124998205397,5.141665231089384
37,2.2589246388508646,2.288755552512718,4.809786651875106
37,2.30258122300896,2.3397260179632333,4.983572540537665
37,2.4541551597330016,2.434900205196282,4.7829379817618385
37,2.52258700949107,2.5003919548703473,4.54255881205296
38,2.318725716664621,2.332445802326994,4.60843137025781
38,2.425192553956127,2.4402224566557664,4.451124222212608
38,2.654546259375846,2.6265506053729615,4.584893145907367
38,2.3946381847767517,2.38448225312679,4.768198866359094
38,2.2749030900084555,2.3437477341039483,5.091366889068094
38,2.503015016927229,2.5492622828846843,5.440898423961014
38,2.3412451570081507,2.3714030877513808,4.589288152974976
38,2.5839852469327305,2.575557343774046,4.572627925245706
38,2.293009548177058,2.3339669126106273,4.6136842837535825
38,2.690343865050743,2.7887126288403516,5.4321954723685195
39,2.3427529711258996,2.3558855413767557,4.948444971959491
39,2.3533353824562933,2.3594893388254956,4.548067480625246
39,2.503457383638071,2.5506109176253995,5.137121652606459
39,2.4589844163465093,2.4743857128202325,4.802767036733379
39,2.456118111124254,2.512312487492886,5.718497366977766
39,2.442091722736696,2.455021056702581,5.0956720249722665
39,2.4636011787975485,2.506045732632057,5.517960694489768
39,2.5244866364175893,2.5389160542054006,5.4312232887028165
39,2.3089737103709296,2.299473607520381,4.89996208065188
39,2.340043737526778,2.335294225875617,4.68342287713831
40,2.22956358154498,2.2572776432104034,4.734947583847075
40,2.338913352857555,2.331299028292114,4.607655458518278
40,2.4571892956074066,2.436718063716704,4.633954023207252
40,2.361428554141592,2.3852836627572875,4.535243835588751
40,2.3754549644434158,2.393410037619052,4.95653128700889
40,2.6500326927160716,2.6973333645422506,5.588618469218552
40,2.5470789241668723,2.5297576304679232,4.62681696043055
40,2.453644777380808,2.4739853874326823,5.01729915570919
40,2.4840713518348525,2.4666700087403575,4.622172360919762
40,2.3168894109218936,2.3384676150347485,4.975300156886857
41,2.444482652632622,2.49340957494076,5.467115403026176
41,2.381208253112922,2.4014991642676238,4.892763465350105
41,2.488449369245682,2.4698130653554067,4.674043832267189
41,2.386371898835264,2.402319315868841,4.608312648544678
41,2.2623861478778413,2.2931525786332467,4.873274564221646
41,2.368256843397859,2.365899386192605,4.878518562365055
41,2.65130287869113,2.6605990276804756,5.315527284627466
41,2.276069225304463,2.3240859279281647,4.771731512014711
41,2.587881519509058,2.5726698703358286,4.505024513895039
41,2.408288549321469,2.406597843371013,4.651592394591581
42,2.591521281107995,2.6519543583851464,5.627711490434454
42,2.294611260744082,2.3006556391737614,5.16924738750054
42,2.226359399186378,2.2664346703996325,4.822323085687144
42,2.30273301691389,2.315332370288277,4.755968993861956
42,2.756197333499942,2.8177636217120616,5.999950584945237
42,2.275776912023045,2.333343940513933,4.798292393755604
42,2.2970583433977443,2.2849006901956135,4.758152059703252
42,2.309191709681603,2.372442639085077,4.894405291451735
42,2.3109396442208876,2.3245621988313845,5.12506242456154
42,2.3745866625833068,2.403255894688305,5.166988509331197
43,2.5004373937595354,2.49999855611637,4.578949776757334
43,2.2927767953484786,2.310593673473407,4.647212261965126
43,2.365387328438598,2.3739541558455906,5.228873376915679
43,2.4934447718796515,2.5084441826479793,5.637819243137531
43,2.4898109531610575,2.5074179295193257,5.2848418148739595
43,2.69381225004293,2.658695043531304,4.436122407904725
43,2.5864462083438444,2.6668244331545528,5.8004314361359866
43,2.382927880657847,2.412398699834846,4.989136981517123
43,2.341744162515726,2.336849199900519,4.771123334632631
43,2.1611625181300167,2.198021293963943,4.930823100455417
44,2.513990992905896,2.5767586023623927,5.722106062672362
44,2.3593126502343567,2.358665854019329,4.988921007375663
44,2.245841399599787,2.2485854778760537,5.120533361329998
44,2.3780148929633325,2.380212578042842,4.717801108694745
44,2.4680930442857436,2.518186121756511,5.2681743154028275
44,2.2693460974984103,2.316732006975962,5.139099844763851
44,2.2541838885628755,2.2571444379136776,4.773850313285707
44,2.3713281567857947,2.360704442389581,4.749978242300998
44,2.2636442558270917,2.2889436967942336,4.5633724977817005
44,2.4893594733207585,2.525075766773225,5.1010073851262465
45,2.399752937484094,2.430101597245354,5.28030789272329
45,2.451335108075127,2.445428267091247,4.903098652262485
45,2.2606178166196007,2.2778454857942245,4.897877216531116
45,2.3293060688664053,2.340197735455683,4.527363851400058
45,2.331869016503924,2.36797512523603,4.9881774835914685
45,2.6101854342922284,2.6026311168803424,4.4042868714874315
45,2.4313611854957853,2.47292750179636,5.762844066429652
45,2.4308492281638063,2.4719944389101722,5.364130789619994
45,2.449519903451686,2.4408851664250744,4.598634906283836
45,2.373020465960161,2.406297880022783,5.1371550534506865
46,2.2494670857854735,2.25914407401177,4.66177561015638
46,2.308674822083989,2.306094834860464,4.782518234708462
46,2.375475867914833,2.428976955026048,5.379922675862588
46,2.3794867378476248,2.4426477625127845,5.323295126404413
46,3.0954147488494623,3.052751768568881,4.342288709119895
46,2.4155220015574823,2.39638842100566,4.730980109230905
46,2.5004560154671687,2.519724488593633,5.8024879879915705
46,2.2274911484549547,2.2580119845134057,5.207817030508121
46,2.2745765375203653,2.2805509319865784,4.817884765888878
46,2.2396842148028204,2.2732718449022626,5.101116977039353
47,2.2610890198947216,2.2850158436309402,5.044988005324225
47,2.657618978423497,2.686524193802498,5.919697077461412
47,2.2525576169071626,2.2570227957270297,4.8425866448958885
47,2.215619511802282,2.219615113768474,4.9426078853754
47,2.290476642883401,2.3031888040514965,4.856368225895206
47,2.5037809580442385,2.505699025119568,4.904874212192975
47,2.21501295431954,2.2541694449319665,5.087047163958543
47,2.4643937404557947,2.530165395860505,6.219461579733045
47,2.2960649992872524,2.3314222574997707,5.045298837851894
47,2.466947912080458,2.476404132352329,4.959184294680169
48,2.4704480679993757,2.523970764861709,5.478177443109768
48,2.2148178970385644,2.2154828234182053,4.876397986821123
48,2.1177049437947684,2.136543598721499,4.76446428095096
48,2.228771756791415,2.249298134602234,4.9933102254553265
48,2.379699207406434,2.415608745080595,5.392906049996444
48,2.1813545614803225,2.2408888982855917,5.173629428812617
48,2.1866620679456648,2.1966376734208484,5.036856785391002
48,2.26195729682112,2.2644341055663375,5.048675847096058
48,2.1346556126089626,2.18421143362577,4.9097617495354715
48,2.2974888826186177,2.3100422738663333,4.831329889929757
49,2.35547988617269,2.405509507381777,5.189816857009797
49,2.2401189205092686,2.2949787743484404,4.757906454307585
49,2.277555757290637,2.3071310292817744,5.027635285893473
49,2.3937655577245187,2.4201863822009786,5.431722440032225
49,2.346204155012408,2.422451072120551,5.531525452908474
49,2.1947951396849055,2.2255557689417844,5.0971434124211905
49,2.1013650727035413,2.1416340038051382,4.9279720634812305
49,2.170732733421225,2.2430594285812946,5.064820863446282
49,2.2019211443477027,2.272476883597615,4.848165651087141
49,2.1336754150512256,2.146991661569432,4.843062339421584
50,2.435218071730096,2.456617534497199,4.706536451757344
50,2.266751027644996,2.3232622800800544,5.311641873865735
50,2.4671553921373506,2.4716316822069584,4.6945054663415515
50,2.2304284432897235,2.2679394332770504,5.146288211884265
50,2.4060654613901504,2.411335981348018,4.831819210894286
50,2.8546789978981333,2.8826338160795397,6.360256490571725
50,2.3586419013123985,2.4119218887305407,5.52509421290917
50,2.20931732840686,2.232435535163455,4.874446301031117
50,2.273946502355708,2.2792900554050255,4.621480464005894
50,2.1749628358260433,2.2216240024638303,5.0558092146648494
51,2.213963468706194,2.214832089371237,4.943720788035878
51,2.18145983590248,2.213958111487125,4.632526246156824
51,2.299595379730191,2.331346591162922,5.309068879513361
51,2.2310955257438354,2.287518811045773,4.838547569183085
51,2.2889062197568433,2.3308237258483375,4.549614517330813
51,2.307205597344594,2.3321149416101736,4.719040681065777
51,2.1326406962578486,2.1677929134522156,5.2076151421455315
51,2.6040975746945,2.578636348683986,4.58562971693248
51,2.251162951447395,2.3051265455567487,5.270962741481161
51,2.2055301389926667,2.2375350242134426,5.127178747149975
52,2.444443924707026,2.4530713593372946,5.287263884061841
52,2.551669583596276,2.5866484177095597,5.648203733122277
52,2.2619070990322334,2.3324186408527146,5.636998608885107
52,2.1517290371173585,2.2203692061826206,5.305836414354384
52,2.5693361897504525,2.591903617548342,5.666507334964594
52,2.3107381071636524,2.3661240385060656,5.418453631856118
52,2.2286709259812496,2.258411038397226,5.28596912562461
52,2.5095343134428285,2.521426349885731,5.254762355336676
52,2.196836752308764,2.225648240031488,4.696817438618641
52,2.203401759346988,2.2270479837406127,4.493090210669057
53,2.3375868066116756,2.374038154278122,5.618933155226683
53,2.194179290949634,2.2327287504355455,4.678332539634755
53,2.1865766652173657,2.2256264178022382,4.705111345543486
53,2.3015728749959616,2.3250388184751642,4.585936753540835
53,2.4342996041045453,2.5118383755776894,5.49624232524461
53,2.081020445394345,2.1361199323737665,4.951875080353413
53,2.2787722976383358,2.2763140864808813,4.875685176063543
53,2.360779308377764,2.401932137726464,5.000245576107323
53,2.2631111489543203,2.27305668273223,4.831763235879813
53,2.0851432272588295,2.1577613384377443,4.985591786028757
54,2.2158160723057647,2.2475623826806723,5.253965963067339
54,2.3546179606966606,2.351621679987119,4.575543738454821
54,2.132083420590501,2.1967565706216408,4.843765015322576
54,2.2311806434678165,2.243362157140338,4.597892062679958
54,2.2845297167123135,2.3382652679080893,5.043729273388106
54,2.2406935560708874,2.270886615167077,4.757263078898677
54,2.5022979052185064,2.488418396022412,4.569102364460129
54,2.1456098924316898,2.1726657668390703,4.612252820517727
54,2.449474483161304,2.4557104795123306,5.032412592568134
54,2.457036714612187,2.521628448611812,5.608350451054086
55,2.5003038397487147,2.5089191764774967,4.631407254952321
55,2.2292823662347985,2.233780610127235,4.984747904862905
55,2.242079919489161,2.278053337006989,5.123751719472883
55,2.259650129952397,2.2637887363725975,4.939700263244983
55,2.701918799717548,2.685662984636475,4.6257043410155765
55,2.2841621996769867,2.2894006889870235,4.7179610570421335
55,2.2277131185685413,2.27321400239236,4.732398253632961
55,2.2085957859672325,2.241766870568353,4.80299000231326
55,2.2157458853544747,2.238213315422474,4.592524098122731
55,2.3092833547633216,2.355202807091473,5.553543625749833
56,2.4621383519060784,2.5027811939497937,5.915291199226686
56,2.092509376158656,2.106776213674465,4.899358420773957
56,2.1648228668867633,2.225158130626665,4.810236339484109
56,2.142261747773995,2.2103224461569666,4.719018416769464
56,2.218087052494798,2.22506235542038,5.250737040522634
56,2.287673163804702,2.30702509706467,5.084091154471896
56,2.466296115092191,2.463481957702174,4.795224332394628
56,2.314974160501272,2.3281213396741816,4.956974632055664
56,2.434580512397977,2.5126381202809482,5.579009854306725
56,2.2047878777519014,2.2711257361733583,5.165590213885056
57,2.112585755743779,2.129267362371667,4.83010225796431
57,2.149031145642988,2.186083701181518,5.142812109006982
57,2.3794662991680977,2.378865271103614,4.652676396870256
57,2.329652128610742,2.3616810261975933,5.4482061541295685
57,2.167603874411847,2.1989065679268442,4.698490080115761
57,2.133813746874006,2.1836468155832276,5.090115185868172
57,2.3167687232582965,2.364219667842003,5.542423285761974
57,2.423081390700325,2.4607252186430473,5.328142976930359
57,2.369598088714737,2.36272459419462,5.18742739941463
57,2.3161350400927216,2.347772644930396,5.390659235039285
58,2.2269933909412156,2.256433887986765,5.061821431327699
58,2.3884839490622682,2.405186737556035,5.140112302951117
58,2.522218020752012,2.6276182815377043,5.433303762791093
58,2.1314120670890695,2.1795175033208465,5.093313781028935
58,2.1463609880624097,2.2024060073275726,4.957600718004183
58,2.0836034648701145,2.1701789439546255,5.1240118711264095
58,2.0815359374916698,2.117417057633685,4.932954525731178
58,2.4004238471727914,2.40107652319806,4.570967422458183
58,2.2087401192759315,2.259439695127146,4.9728852998331545
58,2.38457713131601,2.3610469936642935,4.731654312348533
59,2.1298336887813734,2.2109068149033178,4.925318477107856
59,2.43830657807249,2.462755450726463,5.453847747055998
59,2.328772265847584,2.383273650859103,5.716330934532619
59,2.533333671065927,2.4992718707246717,4.543073201531589
59,2.04354390913046,2.089216655269826,5.053336288930645
59,2.181397848202949,2.2555346792192243,4.808546110017121
59,2.3164472058111008,2.317517320824907,4.742020254719285
59,2.663946120187817,2.6523930772491817,4.448293154313397
59,2.2507147600389947,2.2599397496576437,4.978762202055278
59,2.1201829035332196,2.1776079603909526,5.044412520074943
60,2.4969932397279733,2.4676428065774596,4.6627674623748065
60,2.320318613400996,2.3115355013245837,4.74321374528544
60,2.3701395555514777,2.395434211094793,4.394157371785145
60,2.27706449253068,2.4045947036236086,5.151134519679542
60,2.1374075968754607,2.1599761300855014,5.230016561893942
60,2.1897373518967176,2.2276524753138407,5.258532090970999
60,2.292617749343924,2.341717534161146,5.612665962554658
60,2.6006145218256176,2.604707478338293,4.612396617179816
60,2.2473215966940887,2.2817472774606884,4.608674395020274
60,2.2219964359217355,2.243938618460325,4.372498392999308
61,2.2215780211084373,2.2544208285289766,5.234420047604763
61,2.2083801239680074,2.2420756513155036,5.040554244013918
61,2.0147016755192877,2.082066739454306,4.564788342877072
61,2.038033224572917,2.083110091554701,4.436064792550522
61,2.1080984962997285,2.1243359953685705,4.8102355568307615
61,2.13227166669242,2.165790098763483,4.851206732763767
61,2.4284818973657027,2.410381981149154,4.898897778710915
61,2.214046354715691,2.282689415785028,5.228400184238558
61,2.236177886860756,2.2697344823729146,4.8236921121455625
61,2.105174056344238,2.1268742564817487,4.985848813876251
62,2.229844028005984,2.2420531063727136,5.062137282956612
62,2.0832682634342,2.1528386785997005,5.1750547440336
62,2.151710797598144,2.1653635206250392,5.104639808315517
62,2.5725025441474747,2.6533544211416067,5.614769790983245
62,2.119941703707199,2.191759721860941,5.160394555318872
62,2.1594329898973847,2.188277795722805,4.967260431755524
62,2.381479761316888,2.4316065416648476,5.802058001722713
62,2.1442134769918018,2.2013824446958976,5.34573008040707
62,2.044429490596514,2.102013078450767,5.261449056856165
62,1.9716642436420833,2.048092205743875,4.79077913994893
63,1.9798110749750486,2.0596457433194693,4.687078169187283
63,2.12125552091184,2.158218292476191,4.786847578387144
63,2.204669563110872,2.233623318118797,4.573830667296149
63,2.107700435141309,2.1829914121628295,4.705131650036573
63,2.325644545552766,2.3665218239305816,5.008263219754486
63,2.135550591029702,2.170933429795705,4.812193237339823
63,2.1906932216298767,2.2501534636716203,5.224224812126857
63,2.4091298973809048,2.4379190289697745,4.443217414396636
63,2.094910415042282,2.1635519587569636,5.284433312781307
63,2.0086327085111626,2.065033811224426,4.50368501025769
64,2.1642752220649326,2.2037625173526134,5.046205927635743
64,2.211144830831357,2.2882926952661315,5.337542018488705
64,2.1311376891898934,2.1926256773938295,4.593375894621876
64,2.191946069667046,2.2212644692710026,5.124516919170412
64,2.1768741453840623,2.188267691580123,4.993064525166735
64,2.141813349734058,2.167599510582989,4.487440918421374
64,2.5173496696886537,2.5328069739291723,4.508812300911328
64,2.0102016500276143,2.0482363102967933,4.684402077146253
64,2.1332567641526627,2.213915679477271,5.078232777988603
64,2.1081296004977474,2.1536087062061635,5.049441540948661
65,2.0455435269918567,2.106487009008483,4.86910956393528
65,2.131992848358976,2.204256619289689,5.214453899062828
65,2.11142604379565,2.1823398016303246,4.833297977901121
65,2.070699993840872,2.1507637899434977,4.99246446434447
65,2.1642527089540264,2.164876593537437,5.045278797014211
65,2.1538239211556043,2.1880360177922173,5.309550123386079
65,2.2720403957760125,2.4041837972723283,5.36970617720932
65,2.432997353246306,2.5049679543562777,5.930851941933638
65,2.004945760154623,2.071195355606294,5.057091621431268
65,2.1505829288646297,2.213142750445078,4.873006727689291
66,2.1155776215477347,2.1637528908077734,4.641452365490493
66,2.1618334796867136,2.246031470598666,5.442886986379123
66,2.387675453292708,2.380341688225423,4.744623173843781
66,2.1593675871958444,2.207231948557049,4.693614307202406
66,2.148470164161441,2.1948707177367632,4.954322839426201
66,2.14440305913332,2.182157094283646,4.691032547100167
66,2.5830977730354596,2.5568124399675343,4.802157666319267
66,2.2676139866087412,2.3768969175998316,5.347368625168065
66,2.062638932666552,2.1115077963936004,5.009720092330433
66,2.3105196239811776,2.33217441055775,5.3469093196160635
67,2.11969057861997,2.153334880411265,4.601337182656964
67,2.122404101527202,2.1878080344011352,5.255171634451606
67,2.050641442075988,2.1026502950351906,5.428880476572405
67,2.564225705659742,2.5593606089413954,4.824932672315111
67,2.195739527156754,2.2290448193255132,4.540639986249386
67,2.100174816143916,2.1420407870824514,4.811983038955634
67,2.248345038591838,2.257375374502754,4.799700243856707
67,1.8834290433288452,1.985315584952628,4.475739475815745
67,2.0266891176608928,2.0938396027545156,4.736589994115812
67,2.089190397450237,2.12124826665873,5.173126243415412
68,2.074691311505986,2.126831583799046,4.962548610465699
68,2.069805766008864,2.0977478469106425,5.106788085353242
68,2.044445299078146,2.1116391187022265,5.278025421002627
68,2.1173117692462182,2.1593344554655434,4.536866716743743
68,2.158125406119665,2.2341794279451266,5.526863376609877
68,2.0837389210382504,2.1581339575676894,5.231357311461633
68,2.1854221455649023,2.2494377448647094,5.301989281412946
68,2.1452391987829227,2.175186853205089,4.736822922667205
68,2.2369321950463052,2.2486752476787704,4.797211470177899
68,2.0903578714567606,2.1616883916465417,4.767096484121079
69,2.1131210557776274,2.162996102302677,4.8725094564638365
69,1.9277682013047344,2.007027846898008,4.675920015547299
69,2.616959699925927,2.6089681268497857,4.922925788007348
69,2.1124172404366033,2.1547513717762485,5.172337324164086
69,2.039080406667629,2.123006434181121,4.946150066114562
69,2.1522648493040846,2.233923738539739,5.527625927149167
69,2.0811944447891615,2.143814181947825,4.749766274052385
69,2.0366560948009154,2.0987297871405803,4.932621333211567
69,2.1068199108793157,2.175968263899505,5.202002983614875
69,2.404193529095773,2.4080272435088808,4.731707067178482
70,2.06829517613008,2.1264617867584317,4.95198396537332
70,2.096529388282914,2.155075017905305,5.121433069677943
70,2.1137629254622166,2.18347481844046,4.622816962336798
70,2.1548420106545216,2.1935721677092324,5.021456313375164
70,2.0292157546050134,2.091210209189326,5.074353409008619
70,2.1933602681308537,2.213698151507058,4.795663374400067
70,2.1413301833693406,2.1534758246271357,4.992349649344802
70,2.27816419062786,2.337896861082553,5.771095670420039
70,2.093464250539034,2.164421452277383,5.098776367660814
70,2.2408454296811415,2.2745844179910906,4.740392103319639
71,2.137380144207667,2.155091180243697,5.143787664615524
71,2.0632428115441748,2.1242240491692117,4.332002362230521
71,2.1158200245615464,2.1319801299214234,5.215385297027663
71,2.074314363030752,2.140729605722914,4.8377559982313585
71,2.0550348084441055,2.134215781887935,5.563997819266251
71,2.159934200443858,2.207200256660136,4.977505651364493
71,2.2221565451680036,2.2535374984786785,4.414628763151157
71,2.046096588073034,2.1116141100690373,4.8016846759731395
71,2.003239167121433,2.0991379007173894,5.039290198924844
71,2.0473149432007807,2.1324363020222363,4.854301011212381
72,2.3583348026322692,2.390861220268519,5.758812876664907
72,2.022019595689324,2.085349394006936,4.370187506989745
72,2.115722509160311,2.1556372546171767,4.526035413015448
72,2.7112595280990233,2.7269119792034364,4.490755856518935
72,2.08803275332188,2.1178980517283716,4.790475711968795
72,2.0574928707136126,2.074453191779979,5.527261262577438
72,2.190015959620082,2.2462929939578276,5.360889221996773
72,2.011167803026585,2.096376096195434,4.747705789228287
72,2.419684870569609,2.47154360971738,5.46638843623822
72,2.005397460698146,2.050133814763494,4.7714280017247255
73,2.5944894543702657,2.5895921852409676,4.441864941545946
73,2.8457246332994477,2.8252971804507454,4.476044055487068
73,1.9650374669749449,2.0297633834276536,4.891570611242861
73,2.0059819690557523,2.091727171192305,5.02813205339764
73,2.0742876710521023,2.144952536478725,4.774162851096203
73,1.9637684061727856,2.0259360434505416,5.005050567332521
73,1.9798314154219507,2.0433043578271364,4.588381842190976
73,2.1663171504734184,2.2278415133748593,5.403118665694394
73,2.310934847745338,2.3454936257823302,4.300260508708195
73,2.0244397719732805,2.080866398590795,5.077812109082089
74,2.152483320931869,2.234904027885914,5.615585937054781
74,2.0344161023146006,2.09302976474641,4.8182517599688675
74,2.2016008661181643,2.2496050208332177,4.885963484997188
74,2.1039036169310097,2.150031941415607,5.2510003588997565
74,1.9456531226743135,2.003390850980081,4.804340532996407
74,2.151946059439053,2.210039721923489,5.153594251430501
74,2.0487033941803223,2.12839015706266,5.375850783770697
74,2.05462527221799,2.1377470699010614,4.791951417122591
74,2.0296818677834656,2.1263375211171107,5.5339208240339905
74,2.0431935558621577,2.122731608796709,4.838017791686181
75,2.015554835156618,2.1654625844284903,5.464811225074032
75,2.118886440774285,2.1716732123790745,5.5774940327826545
75,2.0879229781080215,2.162253474638072,5.31071685537796
75,2.2828588932933225,2.313724552333913,4.819924621883032
75,2.20646782922524,2.2924694900146227,5.896274852287917
75,2.140320938429783,2.161116611255779,5.02138325465248
75,2.124027001612693,2.269305624028953,5.258912211184486
75,2.2742696050219546,2.3639972315463615,5.8329955421401465
75,1.994033311236304,2.06029543206165,5.281231418752069
75,1.976939776856908,2.0437146440964002,4.841365063539219
76,2.038294844129575,2.1037475032334685,4.970584930044046
76,1.9720153245910854,2.0575210177830634,4.968301657703215
76,1.960450912408278,2.0356103097065623,4.923659898786771
76,1.978355129655464,2.048664824288085,5.157426679270082
76,2.0220164018759603,2.0837212412258737,5.406479894208404
76,2.308439698533418,2.3196139068779784,4.837991785093446
76,2.0363050538067773,2.098147380687341,4.402428489146681
76,2.2052554846463313,2.2827210751229603,5.280402931491903
76,1.9804077158330953,2.1165111251329005,5.224435039405326
76,2.152201233536219,2.2217223849022782,5.43855091887595
77,1.9895988191258267,2.0770458279739796,5.152156637601464
77,2.0117212509939635,2.1195419410966845,4.711003402977405
77,2.127870181647219,2.2400909876856616,5.391370750944064
77,2.029849560799456,2.111711453200336,5.156679040970643
77,2.0582327920723467,2.1164608791517074,4.837103319311517
77,1.8860603913967362,2.014978396905805,5.422187527733745
77,1.9695029412634155,2.0294034518139057,4.821380054650013
77,2.319602271084534,2.3449409023831316,4.601956488730943
77,1.93930862778599,2.0137463082862936,5.13675756133625
77,1.9598334920015203,2.046536829640043,4.6765210229249305
78,2.4259509970414954,2.4519925103013573,5.558268754824722
78,2.0159333727871833,2.0646509440963063,4.6288774920872875
78,1.9624160357682543,2.0281785740664104,4.787494868855462
78,1.907857694930393,1.9884989654669596,4.740349590077056
78,1.8990200486166071,1.9813020647833413,5.022651417222079
78,1.9770798967742864,2.0312426865723214,4.676100336274561
78,1.9727517269977959,2.0677312803655283,4.880351910779095
78,2.1956565224425484,2.2409733314346303,4.784973913563588
78,1.8443571734050392,1.9074016582766038,4.340532922247824
78,2.1277640442733285,2.166363348520212,5.211272531364419
79,1.9123946857083378,2.0014283992530952,5.351875908227655
79,1.8736587420037971,1.9431836402953009,5.106204331375317
79,1.9165555114283674,1.9831399808154075,4.619631035502272
79,1.9809368057719243,2.030330930213471,4.621132725667362
79,2.0931346629445993,2.1524496598912037,5.030271887035508
79,2.404260571622589,2.431578517009434,4.3404601915285275
79,2.0051196471955843,2.0595412611392403,5.130786470630738
79,2.4079494755583375,2.426407756836773,4.762643107902481
79,2.00462074106578,2.0518791217360026,4.7550051766133965
79,2.0987407186345735,2.1073711356515266,5.075086680480561
80,2.1663155904384865,2.200874928222383,4.859751724911917
80,1.891083297811265,1.9869200295597897,4.910214177849854
80,2.1167175879184996,2.1594159517170635,4.746338781836116
80,2.121058525196631,2.1760248924065397,4.774637617989149
80,2.2243333000474568,2.3386945712621214,5.722847021375946
80,1.97004585054569,2.013703298011423,4.863102003664535
80,2.2319199911144145,2.2837732030676032,4.866217835753982
80,1.8625149906803746,1.9887841514063027,5.112141871239464
80,1.8605173734717617,1.9376681951287862,4.946504902618915
80,2.0799083640407288,2.1348916674042315,4.6052756498526835
81,2.084241177693105,2.1372746959266555,4.937406121917351
81,2.018829709394229,2.077122115836524,4.911425945738266
81,2.215094883849103,2.331308340435003,5.093424581970525
81,2.1484213689152605,2.2402619677991176,5.5813141801818995
81,2.0469821346449715,2.1342824062167436,5.104849983177457
81,1.944889318845346,2.0235317329967835,4.760036577834797
81,1.8602333889655516,1.9796990682691546,4.84345718712845
81,1.8992987791601932,2.0250245447141406,5.126033603064894
81,2.0029684822901537,2.068446330546578,4.859035345859309
81,1.9307705744548869,2.028542505579844,4.933312252888172
82,2.0562670751601617,2.1157454954277637,4.78909634831302
82,1.9776279596147193,2.0757362387971985,4.889682348451023
82,1.9063002688539699,2.0763679761849425,5.5616914594708655
82,1.8475150344848972,1.9495953277755609,5.02336379070413
82,2.4177430580528605,2.477690527642355,6.337814483767172
82,1.9297274727485094,2.0330687193017076,5.082474123179655
82,2.0216653037281986,2.08698062909679,5.1072215077727545
82,1.8958203606800907,2.0273906742646237,5.146201585270994
82,2.375280619439716,2.403619821437184,5.7198162789978975
82,2.007623308429257,2.0659385834287463,4.792063560778324
83,1.9754772805945613,2.0547543849118894,5.559550132886632
83,1.964769167513535,2.0666785935964045,5.0511209905492835
83,1.9257998855591896,2.0016634915640235,4.5188026777693215
83,1.8915493066751157,1.9842284754738966,4.857617968160358
83,1.9305999549837223,2.03556909963434,5.152896114591284
83,2.4185140471652153,2.496621624391686,5.937069764571391
83,1.835071564043818,1.9360668335508848,4.081133078993069
83,2.792157301680973,2.7998218696498927,4.8102727257412115
83,1.899846205882301,1.9760907552640314,5.093062783549379
83,1.9716289333476757,2.097587726493492,5.1162628156126235
84,1.983934398301687,2.040956194856433,4.753466254074174
84,1.8851245288995802,1.9652813167711114,4.819951234307686
84,1.97491592287808,2.03627353857934,5.067375317386413
84,1.9878096107254017,2.0542113019980794,5.224840350448308
84,1.8395225333002103,1.9756376485830471,4.430822608658588
84,1.7929458087842385,1.8714787705941018,4.704863550963184
84,2.213186223429757,2.285076241410752,4.644256824417506
84,1.988759647942369,2.0933355143184427,5.036731268558008
84,1.9382963823031207,2.019675807359477,4.807961223129498
84,2.146350535263481,2.201813646460536,5.462588875596751
85,1.8408228959447592,1.953524089681792,5.135693228128127
85,1.7906050582395978,1.9007925663387117,4.876855364441275
85,1.8765969812827734,1.9781401067435358,4.829249749715341
85,2.7292950655464936,2.754180261861051,4.944596477810572
85,2.067467608431116,2.174754553303188,5.251449040056121
85,1.9587539743646183,2.0961238689663197,5.348048683049001
85,1.7941815030467116,1.877474956545075,4.796822340557119
85,1.992952499500756,2.0851240650228866,5.494921526219323
85,1.9816978532588234,2.062400577440274,5.063475805061394
85,2.022121073887095,2.160630301181986,5.722902865495047
86,2.2583667597989687,2.377785018140625,5.420859923288125
86,2.1230548360100356,2.1830740053565183,4.754001524219015
86,1.9964119442999442,2.078731059409408,5.053989198199227
86,1.9879870911048696,2.100703991771134,5.768922662749543
86,1.979080861498235,2.07844235456727,5.399351540303878
86,2.2001523215230385,2.2736713857989908,4.930864974766136
86,2.1884431619338733,2.25346367269392,5.445995332034052
86,2.0159354332097092,2.079434220345746,5.144388315804954
86,1.8723614775031976,1.9734051246940083,5.20201107179146
86,1.8924551590012524,1.9598202929862791,4.9952270274414605
87,1.8609745966183315,1.955251642541343,4.87600109313846
87,1.8520324775669565,1.9457585932843653,4.8821820618376535
87,1.792803476718549,1.8618203886640807,4.68454549464875
87,1.9796385064389044,2.0956783448767426,5.351396894978486
87,1.8472237170474621,1.9178171421367083,4.414286618846397
87,1.8512583193524255,1.974036337832073,5.21380451282823
87,1.8534586408609661,2.024137027850119,5.20396436308561
87,1.7848967793182593,1.8806599347227815,5.065325892224288
87,2.007566147750273,2.090502890604907,4.942003928482939
87,1.943386159218243,2.020059114284728,4.828622787287356
88,1.8865339697876307,1.9875679617536393,5.08694247711127
88,2.106666145156481,2.1623836032019566,4.627730457936012
88,1.8060773122463574,1.9615853610075487,5.193631713553779
88,2.0681887580053413,2.1877384140589378,5.420259629642372
88,1.828739176539167,1.958513100587379,4.897090210936592
88,2.009599994084156,2.0715045859503833,4.103637074461287
88,1.756509348093273,1.8748180330852109,5.148031608061896
88,1.8140491816966906,1.9058936553152246,4.906475631293443
88,1.9222884767414243,2.010608022241361,4.81304477217568
88,1.9637084112051346,2.031596395216023,5.184625377395094
89,1.804217509183354,1.8852912559321817,5.155661753513698
89,2.0097080338067057,2.064040602959856,4.930142060503629
89,1.7156981404530158,1.8539546060425838,4.755728472081082
89,1.8226315189233933,1.8995116096078033,4.9704411190073055
89,1.8472675426685967,1.930810902315198,5.089611399857828
89,1.9777473332899222,2.096324684163436,5.648505299270616
89,1.8690096101190312,1.9641850360629554,5.039090096667535
89,2.0647544491424537,2.129476810458623,5.053051912654773
89,2.0452467192576234,2.098034667750852,4.8185474101115116
89,2.143597120019414,2.2748958361738696,5.863080889851395
90,1.8135320806384183,1.9071863822891544,4.85416461606392
90,1.8698129832904262,1.9607483848888432,4.706455616281977
90,1.845237030057998,1.9972041192710277,5.134788465251731
90,1.816584396124357,1.9245445480220802,4.875792239844567
90,1.7917263437715238,1.8777489915004952,5.070798445950352
90,2.3171966753359694,2.477363577348341,5.798713471746667
90,1.8850064653300018,1.9676540257342345,5.172809081769458
90,1.8507977891839633,1.9761634298665496,5.370062680524553
90,1.8401791409905703,1.90294699202559,4.50667264018022
90,1.923438033181735,2.019852717768352,5.065066085633998
91,1.8381514378980874,1.9437534993582772,4.854556960834821
91,1.7989822162919786,1.9164895672852988,5.179823196563215
91,1.822654631177002,1.9239172798572028,5.26421486510779
91,1.8297226239239457,1.9457800406967531,5.571698013673811
91,1.829584677545089,1.952973528007076,5.037599632066015
91,1.8362988942328091,1.9406023893180326,4.8816748915792205
91,2.2023704978840195,2.328507430933688,5.618234246162978
91,1.8648120423730834,1.9864427789333399,4.858123939816521
91,2.136780047220989,2.2787306532438465,5.409152351831299
91,1.886304918087978,2.028346186103701,5.804520611031532
92,1.8917201763845795,2.0147635442966303,5.021207856667222
92,1.8722472867083246,1.9781875046728603,4.62731381319572
92,1.8396427760726455,1.9319110284058483,4.677699127549028
92,1.7373532231160234,1.8296566955907747,4.725451063304476
92,1.8550576978013373,1.9609673307892967,4.9874564928031155
92,1.7587526718486848,1.8691098135387998,4.494988966582516
92,1.8426295452538493,1.9342624412377931,4.778727236567901
92,1.9226604216601024,1.9702662843568393,4.67252546352783
92,1.8106732540817125,1.942784552718668,5.126679984736633
92,1.8465971174310987,1.9569056510681349,5.054696789736873
93,1.6939916705320581,1.7908815801050937,5.297290393357331
93,1.69646311935089,1.8162809947549206,4.938772327532415
93,1.913557963941114,2.0114958369086953,5.242759316243609
93,1.9385052287905657,2.0577952403707567,5.316187547481333
93,2.2595220854616214,2.3377074053296,5.916272236405364
93,2.1714508333808116,2.280372909953972,6.240909639325997
93,1.909727248989651,1.9970043507106656,5.031269982866826
93,1.9323112632166697,2.014090682340469,5.144641996454337
93,2.5961872245651842,2.653472655850242,4.678118116738466
93,1.8261369936490381,1.9697231519915388,4.886340792344331
94,1.8861366029911146,1.9705648449279913,4.673792155582482
94,2.0130871285424377,2.0550508006679467,4.7669361232094305
94,1.9323631340167808,2.0388913313081125,5.146756500939878
94,1.712873395862049,1.8146027395709825,4.450466213440674
94,1.8172780983222938,1.9504166203178412,5.072217510407807
94,1.8036245219304827,1.9447905491520066,5.086633528330173
94,2.3218323589029355,2.4189307622514624,5.728404671773917
94,1.9330029998737925,2.054364187937853,4.812600276394523
94,2.0875517152630296,2.172295275402981,5.987048423745068
94,1.8702278270429133,1.985763601611585,4.646201319310883
95,1.7593132467328434,1.8851682409553494,4.850060340296302
95,2.0067116881698155,2.125012193639638,5.4729737573193
95,2.2745608233755186,2.330460146540542,4.500964665434287
95,1.8310047038291724,1.9145789147443903,4.65326069473166
95,1.951898049226402,2.080833811666798,5.130414637627523
95,1.9476060593237214,2.074027583959668,5.077902623684517
95,2.2438101159306356,2.306139998157224,4.968637794526834
95,2.0587807802415887,2.2030712304710254,5.6599012589036
95,1.9375540671584257,2.0213363045938877,5.088980084721474
95,1.772350895634965,1.8861354756195643,4.74349403511394
96,1.7673249602705448,1.8836860054950593,4.764675686187451
96,2.28740556303581,2.3169873172783717,4.762088224959848
96,1.7209179681751676,1.8658086662909377,4.859968746027157
96,1.6870039466820266,1.7851200485007466,5.255671621201773
96,1.8092479282323735,1.9390181372262065,4.9551571031424775
96,1.7576713536219937,1.8769630343794501,5.51883079005468
96,2.3195518793880123,2.4303062338591737,5.900302770720459
96,1.8524755479382935,1.9263054772855854,4.782520834783691
96,1.924992892281595,2.01401270514697,5.009106153001247
96,1.7975953929434778,1.9308223198140104,5.40823727884639
97,2.1284977855308918,2.2069225249450706,5.421382878906747
97,1.8691145799364448,1.961801528046633,5.030408974713715
97,1.7501096396754918,1.857844149030234,4.900240357066907
97,1.8862921119337177,2.004905923751703,4.7140748830761545
97,1.9135303980288048,2.0223515217238637,4.792379611317196
97,1.7671518465172213,1.86970644403853,4.998681510416151
97,1.7492593742388975,1.904244224697281,4.438753744000108
97,1.7370743945744145,1.8292343933923128,4.852326787554711
97,1.8477617112690587,1.9269447158821136,4.779067143672999
97,1.8666229081170265,1.9747415825195327,5.18597604134867
98,1.7453528146979624,1.845372733556402,4.676650353626093
98,2.3513818295686155,2.4631494227248862,6.086715426582587
98,1.9100623576093343,1.9919235665577995,5.124205196618774
98,1.8715777320808338,1.9812595015375003,5.60575946689626
98,1.9984195811660037,2.0777919711814006,4.842503461266743
98,1.747175047550792,1.8418263930530088,5.082886318802132
98,1.842279605446482,1.9689263215483654,4.851944856719118
98,1.840107052686669,1.9568124060280216,5.663297943772385
98,1.9858515928956761,2.0560945536769606,4.886059205300556
98,1.9044026959502331,2.0280745065751726,4.894650515111662
99,2.0245242915092185,2.127732434012402,5.428985455699024
99,1.8164357549928136,1.939807360417301,5.045952357025022
99,1.821628120862478,1.944308074312988,5.226872158939645
99,1.9445631099108263,2.0320944945573185,5.782621861796167
99,1.6188975393847254,1.7501580680152402,4.92345648851797
99,1.8163997169725445,1.9459918067619615,5.531023155319893
99,1.8226068135804605,1.9281151864752586,5.054239962893063
99,1.8605989959373628,1.9766153373437316,4.863818138287432
99,1.77990870312317,1.9157324425887494,5.307901766658364
99,1.8215546115430747,1.9020023864742188,4.870464743605984
100,1.7755151495954755,1.9257824513502844,5.164471110919245
100,1.704077568620568,1.8214683849139464,4.701348813974571
100,1.8518769856584736,1.9794002406010656,5.262634757058958
100,1.758076321809023,1.8727889579085908,5.172404646199257
100,1.8474653204315379,2.001189352527894,5.320391672939715
100,1.7756321008464806,1.8850374154612282,4.8924829723334575
100,2.0246963134638944,2.1920790977198097,5.721940166497584
100,2.2351948011543206,2.443564287808378,6.166712167139752
100,1.7645590626546335,1.8847926611632888,5.1870184616118555
100,1.8704208136082001,1.9380248261306936,4.934004559646971
101,1.9712776451888923,2.0649119719440567,4.764105579900001
101,1.8773997342385311,2.0071198046027225,5.147410749171233
101,1.65872682249848,1.7580460141162713,5.164450493522012
101,2.2996158688770234,2.3579218211611512,4.5739361689815645
101,1.8862157785297404,2.0048132207821854,5.184315315098228
101,1.8628515677278616,1.9912916789611224,5.618453481518277
101,2.035494283173471,2.1366616348348026,4.62526641441297
101,2.0143206344859785,2.0898862491064056,5.518481755287205
101,1.9279428503755207,2.0133207707959415,4.739873598809034
101,2.043103146711111,2.09522253243848,4.252593733811511
102,1.9073300204588082,2.0002943545895935,5.125916677234505
102,1.7875623693723677,1.8989559875951474,4.408806119418008
102,1.742244754371235,1.8362345828512177,5.339531442625837
102,1.8380465744962577,1.9685022830542924,4.869398868571856
102,1.6453441212163757,1.7640804549354134,4.373262197964135
102,1.8737261928951872,2.00968822373661,5.532837093830445
102,1.710696486175201,1.8411846938614962,4.588928865713852
102,1.6995497532523798,1.8050208217031247,5.078024019178596
102,1.9398597639506736,2.028466717651716,4.878945567568499
102,1.610025224850555,1.7307109535034266,5.144064997773449
103,2.0302984798291397,2.1543861148515346,6.0315505006658325
103,1.6854738489243244,1.8089287790792319,4.770592409863578
103,1.8748687211524704,2.039748133231273,5.430168889694652
103,1.7893644226792085,1.9340176285128918,5.069184972888895
103,1.8501174991548777,1.9511308217175038,5.562824050318808
103,1.8022787575161545,1.9082938292171006,5.049141269659297
103,1.7789118877412795,1.8655252560177435,4.951161525878777
103,1.6663881379161614,1.8327229946202186,4.8179669634083675
103,1.8796279524155617,2.0181285355028877,4.9878077116459405
103,1.8236866578637887,1.9279691355196458,5.220891750323278
104,1.8903558585317937,1.9571533509126062,4.835995995734888
104,1.9078489029928742,1.9901782339014809,5.1135926987784055
104,1.7028625363544039,1.8141224431950307,4.951041716196139
104,1.7671192496703398,1.8473730123117431,4.990748585888026
104,1.721904076868241,1.8271836169472033,5.059025064888682
104,2.0784685234644042,2.2264236504053754,4.926763062916825
104,1.8727659660965295,2.034491491209553,4.696407935948373
104,1.725659112059961,1.8593146911227934,4.754712749020159
104,1.9068262987624747,2.004603277571047,4.494753684731676
104,1.7869059714778703,1.9050984035182308,4.727802783322045
105,1.7843126584887417,1.9059238951401165,4.918027662653349
105,1.6890056351578067,1.7982372528832449,5.332131350783994
105,1.913173447802697,2.0914284659442735,5.210486001743049
105,1.7479545882594594,1.8693226411052164,5.213409763826776
105,1.77394882139704,1.8980821187767427,4.882558646571278
105,1.7278768576833792,1.8670508779921842,4.909004752224563
105,1.8796151865242026,2.0465786025937938,5.558675935923891
105,1.7836320376563488,1.8943947127630691,4.7908671039424595
105,1.759362917634884,1.8506818123820787,4.594085307595254
105,1.744900778786567,1.8499589355754607,4.976711321806329
106,1.6486206496772886,1.7487042224555513,5.846029930113241
106,1.826356414776965,1.949107750342573,5.099028361110465
106,1.671720370163094,1.8119888127085162,4.711096324269981
106,1.6704564451780932,1.8114320823088592,4.876201015298105
106,1.8150687032416877,1.9515639109347551,4.942152823386527
106,1.8268087811498352,1.990764167424916,4.988693784998971
106,1.8173493281154942,1.9652930606562145,5.371949942668508
106,1.9365521497487335,2.0542938930144476,4.653158123408392
106,1.7342788605039219,1.8417164556329884,4.922590508986702
106,1.7891844123163343,1.8843755473530375,4.745708159475719
107,1.7610171144843907,1.9074483637945336,5.087040749354591
107,1.9936178778955531,2.1387526369538272,5.801181959026806
107,2.013908116970152,2.097555565088997,4.720663301304478
107,1.7561500983992895,1.9041797451160618,5.404457492106186
107,1.9085369018734846,2.052202101765176,5.84948195548091
107,1.7829277857716406,1.877679214612101,4.955114497021713
107,1.8020421725411202,1.9107886279219528,5.051548868088101
107,1.724650720362272,1.872976889309919,5.60916365495834
107,1.8077892756988245,1.880014863514867,4.7028530383652685
107,1.7797889585487627,1.9460177738295417,5.043716401416247
108,1.8274659370186128,1.9647705886191673,4.997531979236561
108,1.9686061773650008,2.042965063517736,5.308704181551542
108,1.8381711215198553,1.9624123534316136,4.744730397513618
108,1.6935721255152145,1.8124711359595798,5.202007435478184
108,1.9958509296039246,2.082141991155247,4.887836793781534
108,1.7449346617770867,1.8474998390739579,5.05202978372606
108,1.8090483799256045,1.9445474343583538,5.179407920167266
108,1.9732678819602325,2.153406890990186,5.436324081927031
108,1.8906574716939164,2.0022680004243085,4.784372456677602
108,1.6811965437335878,1.798961489969669,5.261048232518289
109,1.743720660288528,1.8928937062115072,5.182560974276293
109,1.8013424048076274,1.8932225429038254,4.825782381239274
109,1.7972288640792298,1.9083998611353084,4.663935626725919
109,2.143251038308975,2.218775530199621,4.759166154522896
109,1.6853708506098635,1.8265700562451803,4.737337804323854
109,1.7726914210690392,1.8996083384119735,5.13501414558583
109,1.83233312862254,1.9827485510843423,4.994846152465903
109,1.8678299999076284,1.9618952953580746,5.7174205842512835
109,1.7862315323610884,1.9456271737431177,5.473555425433112
109,1.807595533443017,1.9134427186171623,5.243036199941069
110,1.8558322896251072,1.986118450460537,4.961780119541881
110,1.7298386597680233,1.8677351958834187,4.86445379179144
110,1.6514704150922523,1.7567861161050633,5.199517593353563
110,1.778151299051755,1.8870770478547478,4.744258630743569
110,1.800364027877884,1.9524122509564659,5.209782907578665
110,1.7102329501289406,1.8546008785187091,5.43811867838766
110,1.67903592012703,1.7908866934432917,4.943227791574357
110,2.4042582293106185,2.460615834066018,5.351818238707355
110,1.7687557734506978,1.8562797271195595,5.347866710338173
110,1.858287547737389,1.9516709681598061,5.115308996672039
111,1.7428825582373126,1.8409618780844108,5.247983260768591
111,1.8889926703909743,2.00468868731653,4.844790314070928
111,1.8941758302441352,2.0196196305995984,5.595814705325463
111,1.7893942252094073,1.9073699802130695,4.966327167208534
111,1.9205933297739681,2.039325227711372,5.6289809675284355
111,1.825186259550794,1.9603912998281465,5.337614430303513
111,1.7130269267695717,1.8523514112376958,6.056896143654247
111,1.7813496427908484,1.9108988691509803,5.009241701515446
111,2.242623145030647,2.3132018924759783,4.8416406625802955
111,1.6333100995427448,1.7437003147951398,5.500975534646961
112,1.7322924195999274,1.8589794847566157,5.0148836311677885
112,1.6059422560156045,1.7400690214482963,4.7723462591697645
112,1.6491850874572047,1.7758968753859141,4.923010735230787
112,1.7673889139912866,1.9360872075687892,5.445895719473169
112,1.8618567948922182,1.9895902764860816,5.189131365439161
112,1.6200869873322667,1.7766763988010987,5.0265231737662655
112,1.6808400525484382,1.7956758810990565,4.7434394049983535
112,1.7444994860332792,1.8410647554115993,4.3036708873602825
112,1.7008589606097257,1.859256346132721,4.996471593074404
112,1.887586519577474,1.9923419208679993,4.635975410112716
113,1.8460487351883828,1.9962584715657474,5.403504367309964
113,1.6054484871072334,1.7487017016138975,4.805939664263748
113,1.814894868149828,1.9110516554046177,4.752648965423862
113,1.8218248027121855,1.8987482513134937,4.229633147383516
113,1.8319423436665876,1.9346957122412376,5.015900183247093
113,1.8608098843205467,1.9560963522632944,4.060209288217953
113,1.8222233395435028,1.9571563163397012,4.764378824761687
113,1.8964896958291528,2.007762635061936,4.757003718494267
113,1.7471477201566865,1.9170875500623652,5.110602484454747
113,1.805044397848136,1.989465463046992,5.314773515141268
114,1.8633621061418177,2.0039925961274685,4.533666109092743
114,2.025578461808638,2.194992954508699,5.559469388779332
114,1.853135773186353,1.9560406950677114,5.018005108778042
114,1.9131200683510217,2.0055747926258336,5.186130567005754
114,1.8862035777259227,1.9502241969238217,4.8013921888981725
114,2.169945824147026,2.2066404087782754,5.078776259487141
114,1.976453289379285,2.0372370134352744,5.396528078413414
114,1.6162641009245224,1.7720411128920661,4.815160873486212
114,1.713256400448623,1.8297470026948206,4.828350757273749
114,1.961049050538889,2.085024351480883,4.736119177228942
115,1.6578076851126937,1.7849803672993911,5.140263583826989
115,1.8402185088822678,1.9381612996011448,4.532609301080708
115,1.694183439141848,1.8394171880413495,5.367516109191809
115,1.7466674370504132,1.8669419718720703,5.542462657043753
115,1.7187260754448979,1.8772522482341356,4.874631777612098
115,1.8113299483049934,1.904148378793968,4.958736657671482
115,1.7592237741858052,1.8650915513627873,4.834917239848785
115,1.8067060788813,1.9185995205815,4.34320089249494
115,1.736721955540187,1.8614847698483903,5.159232444407589
115,1.900777822563908,2.001272661715153,4.855386394529934
116,1.6673343864136114,1.7945643828528055,5.111666689733368
116,1.8773962711319034,2.0369730458186694,5.421747889945808
116,1.6444897327433479,1.767725225224521,4.505554889022779
116,1.7945711099284256,1.9653662097028433,5.198184076880099
116,1.7208548929427923,1.830343044023476,5.031000442029627
116,1.8112614162501322,1.9282033583247107,5.197454032760484
116,1.6357164215601234,1.7324653417474847,5.1518620135092466
116,1.576670668165328,1.7040647822466948,5.14991571904245
116,1.766150878058033,1.8882569097901605,5.311513776631672
116,1.8008091708250453,1.931028448037364,5.178493390549855
117,1.6499864897058174,1.762902781509042,5.8185875893161025
117,1.8514261606210576,1.9077067133484,5.2493747346938395
117,1.7274426090173862,1.8852740621575923,5.452956154482124
117,1.634638243942628,1.8010144823445429,5.0441402987730335
117,1.8173816342190328,1.9671441221487518,5.552918291549226
117,1.7339498387646486,1.860823115697115,4.501010799929732
117,2.4630865889148437,2.5563679293689354,5.730174712144081
117,1.8050531824440057,1.9410431039773994,5.042608605505123
117,1.8034524164795795,1.8968589411037933,4.684254660469458
117,1.624555829999561,1.7417052243624018,5.625425624118742
118,1.6988239806819998,1.8101742404790162,4.816138149698941
118,1.7301259878753128,1.8447349414838858,4.723271914333003
118,1.8012217421951593,1.8938829865450972,5.293126693976277
118,1.777423213563677,1.881745263768483,5.557033215859287
118,1.7290977828824192,1.8406998801945131,4.858134522509703
118,1.528187372281424,1.6882008558942183,5.563158196303503
118,1.6777023539746285,1.8183005416571838,4.965167955294738
118,1.6380734407476698,1.770614600186239,5.320890458536772
118,2.0033111671062493,2.083569499389351,4.744753673213853
118,1.6323279412722929,1.7563911901407288,4.9642362492976595
119,1.765125275921846,1.875001262155732,5.0853840215197765
119,1.716433598255172,1.824314155572504,4.814575042139569
119,1.6657527670621173,1.804665628642632,5.459350336918045
119,1.7947214376906542,1.9820559687442403,6.210783934667538
119,1.6646448998453285,1.788010104224176,4.694910501608416
119,2.278857146243967,2.332591607261093,4.4270291079834365
119,1.5413432334736552,1.7045689815308236,5.096602201484635
119,1.9216659366830295,2.053749409348223,5.555407407117179
119,1.7387266418497105,1.8338675092263599,4.895390769727328
119,1.6730915463144325,1.8268925909665001,5.0724076272468706
120,2.0537692897394617,2.134473507438446,5.05309369613935
120,1.8877646294185546,2.049379715128026,5.15523328035981
120,1.8756478614375554,2.0149874760972253,5.4611917808316015
120,2.061389280614543,2.1469312846931468,4.731064129125741
120,1.5864537285659315,1.7778641550371268,4.895024716719046
120,1.8926854830613067,1.9665837338552843,4.594018759775612
120,1.6023778867767675,1.7223983753137666,5.110624763336041
120,1.946970593578792,2.025860787675582,4.782334280220766
120,1.7838996735708592,1.8983988472331492,4.844025315385958
120,1.907857220400152,2.044820384425966,5.0989291665030585
121,1.8213178621337602,1.9645108554734187,5.1495942980986955
121,1.9760995425288415,2.0515014825994595,5.114692548003307
121,1.7366967464613052,1.8505144984049764,4.726098594559204
121,1.6236735829630902,1.7822229940923862,5.2874442043267935
121,1.6054994891857315,1.7049465096870755,5.5398472533755925
121,1.6221586355124487,1.7594597784188966,6.37631301143488
121,2.0095686084297424,2.073941113623543,4.687900554957425
121,1.6129845748206777,1.7138707146146448,5.094742535345861
121,1.8945274583937035,1.994677103312905,4.919517982052239
121,1.5671148422648002,1.6703826501471235,4.698659405970063
122,1.6509153452569054,1.7925929376253533,5.4011638983579715
122,1.7028511762258152,1.803226810725726,5.210062345938694
122,1.614675268967463,1.78057416747522,5.584649789973271
122,1.7811068570952715,1.9379715667319914,5.183961575383737
122,1.9136061764352794,2.0691993064450678,5.544198798438769
122,1.562741304626328,1.705981283250783,5.288543271597083
122,1.6406167483382488,1.770421733057046,5.005872112873541
